dc: 40
dt: 13.542186493141893
de: 23.234992168649516
eps: 2.943794437212928
conv_angle: 30
lc: 120
le: 14.46961729955457
theta_n: 22.507140763352815
theta_e: 13.584091110273219