dc: 88.41035242338732
dt: 41.677039817113126
de: 89.46937731642615
eps: 4.608452333219157
conv_angle: 30
lc: 173.39780025865818
le: 71.34537270396618
theta_n: 22
theta_e: 14