dc: 167.876423530553
dt: 83.9382117652765
de: 195.14467344225153
eps: 5.404978586196947
conv_angle: 30
lc: 300.6555029010434
le: 166.01126604337284
theta_n: 22
theta_e: 14